0008000000000000000000000000000000000000
0000011111111116000000000900000000000000
0000000000000002000000000000000000000000
0000000000000002000000000020000000000000
0000000000000002000000000020000000000000
0011111111111114000000000020000000000000
0000000000000000000511111140000000000000
0000000000000000000200000000000000000000
0000000700000000000200000000000000000000
0000000001111111111211111110000000000000
0000000020000000000200000000000000000000
0000000020000000000311111111111111111000
0008000000000000000000000000000000000000
0000011111111116000000000900000000000000
0000000000000002000000000000000000000000
0000000000000002000000000020000000000000
0000000000000002000000000020000000000000
0011111111111114000000000020000000000000
0000000000000000000511111140000000000000
0000000000000000000200000000000000000000
0000000700000000000200000000000000000000
0000000001111111111211111110000000000000
0000000020000000000200000000000000000000
0000000020000000000311111111111111111000
0000000000000000000000000000000000000000